[gd_scene format=4 uid="uid://ckjjsqq6r5ljr"]

[ext_resource type="ArrayMesh" uid="uid://323q4eoxjwhq" path="res://resources/book/model/roulette_left_cover.tres" id="1_hgj57"]
[ext_resource type="Script" uid="uid://byumyfhwocryi" path="res://features/book/roullette/controllers/roulette_controller.gd" id="1_q6njx"]
[ext_resource type="Script" uid="uid://bd84gpfd6vb46" path="res://features/book/roullette/controllers/roullette_control.gd" id="2_d1tnm"]
[ext_resource type="Material" uid="uid://b14nsmnlvse02" path="res://resources/book/materials/book_material.tres" id="2_padf7"]
[ext_resource type="ArrayMesh" uid="uid://cfppbxhyjqwu1" path="res://resources/book/model/roulette_bottom_cover.res" id="2_vb2ae"]
[ext_resource type="ArrayMesh" uid="uid://utco6w38i0km" path="res://resources/roulette/roulette_base.tres" id="2_ykbav"]
[ext_resource type="ArrayMesh" uid="uid://6coywopv7iqn" path="res://resources/book/model/roulette_right_cover.res" id="3_btjf8"]
[ext_resource type="Script" uid="uid://cd0fywrxu8cxf" path="res://features/book/roullette/views/roulette_constant_spin.gd" id="3_u5nh5"]
[ext_resource type="ArrayMesh" uid="uid://3w2k1wco4kbm" path="res://resources/roulette/roulette_spin.tres" id="3_uxei4"]
[ext_resource type="Script" uid="uid://bh0oyeuprtve" path="res://features/book/views/score_area.gd" id="4_001lf"]
[ext_resource type="Script" uid="uid://ba76xjsrofmpb" path="res://features/book/roullette/views/roulette_fields.gd" id="4_uxei4"]
[ext_resource type="ArrayMesh" uid="uid://b26wxf36fsmv8" path="res://resources/roulette/roulette_field.tres" id="4_xrtgd"]
[ext_resource type="ArrayMesh" uid="uid://nfeersyg1bd2" path="res://resources/book/model/roulette_ball.tres" id="7_jx2r3"]
[ext_resource type="Script" uid="uid://bf5703dikg6xm" path="res://features/book/chips/views/chips_container.gd" id="11_mpnxt"]
[ext_resource type="ArrayMesh" uid="uid://buumidd3pf0wc" path="res://resources/book/model/button.tres" id="11_nq47p"]
[ext_resource type="Script" uid="uid://b82ivoeru5iay" path="res://core/utils/3d_button.gd" id="11_vvjhm"]
[ext_resource type="ArrayMesh" uid="uid://d1lqjlfn3aqk1" path="res://resources/book/model/bet_field.tres" id="11_wal6i"]
[ext_resource type="PackedScene" uid="uid://pwvj2b7jvycd" path="res://features/book/chips/views/bet_chip.tscn" id="12_mpnxt"]
[ext_resource type="Script" uid="uid://olyep6uxfgnp" path="res://features/book/table/view/table_fields.gd" id="12_ve5xc"]
[ext_resource type="Script" uid="uid://c1y5qrg5q2yos" path="res://features/book/table/controllers/static_body_table_.gd" id="13_mpnxt"]
[ext_resource type="Script" uid="uid://bldoj5bn0ua4m" path="res://features/balls/views/ball_element.gd" id="14_liidn"]
[ext_resource type="Texture2D" uid="uid://hj6ym7q4nvpl" path="res://resources/book/table_groups_PaletaColoresRuleta.png" id="15_28cwr"]
[ext_resource type="Resource" uid="uid://b12r0cdcqgp4q" path="res://features/balls/runtime/3.tres" id="16_f2bku"]
[ext_resource type="Script" uid="uid://vou3yvmfswvf" path="res://features/balls/runtime/ball_runtime_state.gd" id="16_sui7l"]
[ext_resource type="Resource" uid="uid://b2bgfaxsxf4kq" path="res://features/balls/definition/test_ball_definition.tres" id="16_ugj2k"]
[ext_resource type="Script" uid="uid://bqt412pv6i4lk" path="res://features/book/table/view/table_fields_controller.gd" id="17_6tqyr"]
[ext_resource type="ArrayMesh" uid="uid://o2ott3v2yxl6" path="res://resources/book/model/bet_field_zero.tres" id="17_h1llp"]
[ext_resource type="Material" uid="uid://yers7tswll0g" path="res://resources/materials/bet_field_shader_material.tres" id="17_mpnxt"]
[ext_resource type="ArrayMesh" uid="uid://dm6vvl2d0pept" path="res://resources/3d_UI/info_canvas.tres" id="18_ugj2k"]
[ext_resource type="ArrayMesh" uid="uid://baeoiakx8vtop" path="res://resources/book/model/outline.tres" id="19_5lkav"]
[ext_resource type="Material" uid="uid://b3ne55hnycjy" path="res://resources/book/materials/book_material_.tres" id="19_khsg3"]
[ext_resource type="Script" uid="uid://b6cxjgxn43435" path="res://features/balls/views/ball_description.gd" id="19_o2ihi"]
[ext_resource type="PackedScene" uid="uid://cdracx5srv0l" path="res://resources/pop up/pop_up_text.tscn" id="21_eev62"]
[ext_resource type="Script" uid="uid://c4ygisdvk40xj" path="res://features/UI/showFPS.gd" id="27_344oo"]
[ext_resource type="Script" path="res://features/passive_items/views/passive_item_element.gd" id="35_hnjqa"]
[ext_resource type="Resource" path="res://features/passive_items/definition/spiral_item_definition.tres" id="36_n0767"]
[ext_resource type="Script" path="res://features/passive_items/views/passive_item_description.gd" id="36_w3wlc"]
[ext_resource type="Texture2D" uid="uid://c41pryqguo8ha" path="res://resources/passive items/images/base.tres" id="38_f2bku"]

[sub_resource type="SphereShape3D" id="SphereShape3D_liidn"]
radius = 0.34764636

[sub_resource type="MultiMesh" id="MultiMesh_uxei4"]
transform_format = 1
use_colors = true
instance_count = 37
mesh = ExtResource("4_xrtgd")
buffer = PackedFloat32Array(1, 0, 0, 0, 0, 1, 0, 0, 0, 0, 1, 0, -0.25, 0, 0, 1, 0.9856159, 0, -0.16900082, 0, 0, 1, 0, 0, 0.16900082, 0, 0.9856159, 0, 0.25, 0, 0, 1, 0.9428775, 0, -0.3331398, 0, 0, 1, 0, 0, 0.3331398, 0, 0.9428775, 0, -0.25, 0, 0, 1, 0.8730141, 0, -0.48769495, 0, 0, 1, 0, 0, 0.48769495, 0, 0.8730141, 0, 0.25, 0, 0, 1, 0.77803576, 0, -0.62822, 0, 0, 1, 0, 0, 0.62822, 0, 0.77803576, 0, -0.25, 0, 0, 1, 0.6606747, 0, -0.75067234, 0, 0, 1, 0, 0, 0.75067234, 0, 0.6606747, 0, 0.25, 0, 0, 1, 0.5243073, 0, -0.8515291, 0, 0, 1, 0, 0, 0.8515291, 0, 0.5243073, 0, -0.25, 0, 0, 1, 0.3728564, 0, -0.92788905, 0, 0, 1, 0, 0, 0.92788905, 0, 0.3728564, 0, 0.25, 0, 0, 1, 0.21067923, 0, -0.9775553, 0, 0, 1, 0, 0, 0.9775553, 0, 0.21067923, 0, -0.25, 0, 0, 1, 0.042441208, 0, -0.99909896, 0, 0, 1, 0, 0, 0.99909896, 0, 0.042441208, 0, 0.25, 0, 0, 1, -0.12701789, 0, -0.99190044, 0, 0, 1, 0, 0, 0.99190044, 0, -0.12701789, 0, -0.25, 0, 0, 1, -0.2928228, 0, -0.95616674, 0, 0, 1, 0, 0, 0.95616674, 0, -0.2928228, 0, 0.25, 0, 0, 1, -0.45020375, 0, -0.89292586, 0, 0, 1, 0, 0, 0.89292586, 0, -0.45020375, 0, -0.25, 0, 0, 1, -0.59463316, 0, -0.80399716, 0, 0, 1, 0, 0, 0.80399716, 0, -0.59463316, 0, 0.25, 0, 0, 1, -0.7219562, 0, -0.69193876, 0, 0, 1, 0, 0, 0.69193876, 0, -0.7219562, 0, -0.25, 0, 0, 1, -0.8285097, 0, -0.5599747, 0, 0, 1, 0, 0, 0.5599747, 0, -0.8285097, 0, 0.25, 0, 0, 1, -0.91122854, 0, -0.41190118, 0, 0, 1, 0, 0, 0.41190118, 0, -0.91122854, 0, -0.25, 0, 0, 1, -0.96773297, 0, -0.25197804, 0, 0, 1, 0, 0, 0.25197804, 0, -0.96773297, 0, 0.25, 0, 0, 1, -0.9963975, 0, -0.084805936, 0, 0, 1, 0, 0, 0.084805936, 0, -0.9963975, 0, -0.25, 0, 0, 1, -0.9963975, 0, 0.08480611, 0, 0, 1, 0, 0, -0.08480611, 0, -0.9963975, 0, 0.25, 0, 0, 1, -0.9677329, 0, 0.2519782, 0, 0, 1, 0, 0, -0.2519782, 0, -0.9677329, 0, -0.25, 0, 0, 1, -0.9112284, 0, 0.41190135, 0, 0, 1, 0, 0, -0.41190135, 0, -0.9112284, 0, 0.25, 0, 0, 1, -0.8285096, 0, 0.55997485, 0, 0, 1, 0, 0, -0.55997485, 0, -0.8285096, 0, -0.25, 0, 0, 1, -0.7219561, 0, 0.6919389, 0, 0, 1, 0, 0, -0.6919389, 0, -0.7219561, 0, 0.25, 0, 0, 1, -0.59463316, 0, 0.8039971, 0, 0, 1, 0, 0, -0.8039971, 0, -0.59463316, 0, -0.25, 0, 0, 1, -0.45020357, 0, 0.8929259, 0, 0, 1, 0, 0, -0.8929259, 0, -0.45020357, 0, 0.25, 0, 0, 1, -0.29282287, 0, 0.9561667, 0, 0, 1, 0, 0, -0.9561667, 0, -0.29282287, 0, -0.25, 0, 0, 1, -0.12701772, 0, 0.99190044, 0, 0, 1, 0, 0, -0.99190044, 0, -0.12701772, 0, 0.25, 0, 0, 1, 0.042441502, 0, 0.99909896, 0, 0, 1, 0, 0, -0.99909896, 0, 0.042441502, 0, -0.25, 0, 0, 1, 0.2106793, 0, 0.9775552, 0, 0, 1, 0, 0, -0.9775552, 0, 0.2106793, 0, 0.25, 0, 0, 1, 0.37285668, 0, 0.92788893, 0, 0, 1, 0, 0, -0.92788893, 0, 0.37285668, 0, -0.25, 0, 0, 1, 0.52430725, 0, 0.8515292, 0, 0, 1, 0, 0, -0.8515292, 0, 0.52430725, 0, 0.25, 0, 0, 1, 0.6606748, 0, 0.7506722, 0, 0, 1, 0, 0, -0.7506722, 0, 0.6606748, 0, -0.25, 0, 0, 1, 0.77803594, 0, 0.6282197, 0, 0, 1, 0, 0, -0.6282197, 0, 0.77803594, 0, 0.25, 0, 0, 1, 0.87301415, 0, 0.4876949, 0, 0, 1, 0, 0, -0.4876949, 0, 0.87301415, 0, -0.25, 0, 0, 1, 0.94287753, 0, 0.33313957, 0, 0, 1, 0, 0, -0.33313957, 0, 0.94287753, 0, 0.25, 0, 0, 1, 0.9856159, 0, 0.16900085, 0, 0, 1, 0, 0, -0.16900085, 0, 0.9856159, 0, -0.25, 0, 0, 1)

[sub_resource type="StandardMaterial3D" id="StandardMaterial3D_d1tnm"]
shading_mode = 0
diffuse_mode = 3
specular_mode = 2
disable_ambient_light = true
disable_fog = true
disable_specular_occlusion = true
albedo_color = Color(0.71160364, 0.36466023, 1, 1)

[sub_resource type="BoxShape3D" id="BoxShape3D_nq47p"]
size = Vector3(0.33395386, 0.08807373, 0.22705078)

[sub_resource type="SphereShape3D" id="SphereShape3D_q6jwi"]
radius = 0.115460515

[sub_resource type="Resource" id="Resource_o2ihi"]
script = ExtResource("16_sui7l")
ball_definition = ExtResource("16_ugj2k")
metadata/_custom_type_script = "uid://vou3yvmfswvf"

[sub_resource type="BoxShape3D" id="BoxShape3D_ugj2k"]
size = Vector3(0.7416992, 0.10809326, 0.30444336)

[sub_resource type="BoxShape3D" id="BoxShape3D_o2ihi"]
size = Vector3(0.2831421, 0.10668945, 0.28125)

[sub_resource type="BoxShape3D" id="BoxShape3D_h1i5i"]
size = Vector3(0.3583716, 0.051433593, 1.9744599)

[sub_resource type="BoxShape3D" id="BoxShape3D_d1tnm"]
size = Vector3(0.668, 0.1, 1.626)

[sub_resource type="BoxShape3D" id="BoxShape3D_h1llp"]
size = Vector3(0.229, 0.1, 1.626)

[sub_resource type="BoxShape3D" id="BoxShape3D_mpnxt"]
size = Vector3(0.226, 0.1, 1.626)

[sub_resource type="BoxShape3D" id="BoxShape3D_5lkav"]
size = Vector3(0.668, 0.1, 0.166)

[sub_resource type="BoxShape3D" id="BoxShape3D_khsg3"]
size = Vector3(0.68, 0.1, 0.12848827)

[sub_resource type="MultiMesh" id="MultiMesh_ib2bx"]
transform_format = 1
use_colors = true
instance_count = 36
mesh = ExtResource("11_wal6i")
buffer = PackedFloat32Array(1, 0, 0, 0, 0, 1, 0, 0, 0, 0, 1, 0, -0.25, 0, 0, 1, 1, 0, 0, 0.222, 0, 1, 0, 0, 0, 0, 1, 0, 0.25, 0, 0, 1, 1, 0, 0, 0.444, 0, 1, 0, 0, 0, 0, 1, 0, -0.25, 0, 0, 1, 1, 0, 0, 0, 0, 1, 0, 0, 0, 0, 1, 0.135, 0.25, 0, 0, 1, 1, 0, 0, 0.222, 0, 1, 0, 0, 0, 0, 1, 0.135, -0.25, 0, 0, 1, 1, 0, 0, 0.444, 0, 1, 0, 0, 0, 0, 1, 0.135, 0.25, 0, 0, 1, 1, 0, 0, 0, 0, 1, 0, 0, 0, 0, 1, 0.27, -0.25, 0, 0, 1, 1, 0, 0, 0.222, 0, 1, 0, 0, 0, 0, 1, 0.27, 0.25, 0, 0, 1, 1, 0, 0, 0.444, 0, 1, 0, 0, 0, 0, 1, 0.27, -0.25, 0, 0, 1, 1, 0, 0, 0, 0, 1, 0, 0, 0, 0, 1, 0.405, 0.25, 0, 0, 1, 1, 0, 0, 0.222, 0, 1, 0, 0, 0, 0, 1, 0.405, -0.25, 0, 0, 1, 1, 0, 0, 0.444, 0, 1, 0, 0, 0, 0, 1, 0.405, 0.25, 0, 0, 1, 1, 0, 0, 0, 0, 1, 0, 0, 0, 0, 1, 0.54, -0.25, 0, 0, 1, 1, 0, 0, 0.222, 0, 1, 0, 0, 0, 0, 1, 0.54, 0.25, 0, 0, 1, 1, 0, 0, 0.444, 0, 1, 0, 0, 0, 0, 1, 0.54, -0.25, 0, 0, 1, 1, 0, 0, 0, 0, 1, 0, 0, 0, 0, 1, 0.675, 0.25, 0, 0, 1, 1, 0, 0, 0.222, 0, 1, 0, 0, 0, 0, 1, 0.675, -0.25, 0, 0, 1, 1, 0, 0, 0.444, 0, 1, 0, 0, 0, 0, 1, 0.675, 0.25, 0, 0, 1, 1, 0, 0, 0, 0, 1, 0, 0, 0, 0, 1, 0.81, -0.25, 0, 0, 1, 1, 0, 0, 0.222, 0, 1, 0, 0, 0, 0, 1, 0.81, 0.25, 0, 0, 1, 1, 0, 0, 0.444, 0, 1, 0, 0, 0, 0, 1, 0.81, -0.25, 0, 0, 1, 1, 0, 0, 0, 0, 1, 0, 0, 0, 0, 1, 0.945, 0.25, 0, 0, 1, 1, 0, 0, 0.222, 0, 1, 0, 0, 0, 0, 1, 0.945, -0.25, 0, 0, 1, 1, 0, 0, 0.444, 0, 1, 0, 0, 0, 0, 1, 0.945, 0.25, 0, 0, 1, 1, 0, 0, 0, 0, 1, 0, 0, 0, 0, 1, 1.08, -0.25, 0, 0, 1, 1, 0, 0, 0.222, 0, 1, 0, 0, 0, 0, 1, 1.08, 0.25, 0, 0, 1, 1, 0, 0, 0.444, 0, 1, 0, 0, 0, 0, 1, 1.08, -0.25, 0, 0, 1, 1, 0, 0, 0, 0, 1, 0, 0, 0, 0, 1, 1.215, 0.25, 0, 0, 1, 1, 0, 0, 0.222, 0, 1, 0, 0, 0, 0, 1, 1.215, -0.25, 0, 0, 1, 1, 0, 0, 0.444, 0, 1, 0, 0, 0, 0, 1, 1.215, 0.25, 0, 0, 1, 1, 0, 0, 0, 0, 1, 0, 0, 0, 0, 1, 1.35, -0.25, 0, 0, 1, 1, 0, 0, 0.222, 0, 1, 0, 0, 0, 0, 1, 1.35, 0.25, 0, 0, 1, 1, 0, 0, 0.444, 0, 1, 0, 0, 0, 0, 1, 1.35, -0.25, 0, 0, 1, 1, 0, 0, 0, 0, 1, 0, 0, 0, 0, 1, 1.485, 0.25, 0, 0, 1, 1, 0, 0, 0.222, 0, 1, 0, 0, 0, 0, 1, 1.485, -0.25, 0, 0, 1, 1, 0, 0, 0.444, 0, 1, 0, 0, 0, 0, 1, 1.485, 0.25, 0, 0, 1)

[sub_resource type="StandardMaterial3D" id="StandardMaterial3D_fg5ui"]
resource_name = "Ficha"
cull_mode = 2
albedo_color = Color(0, 0, 0, 1)
metallic = 1.0
emission_enabled = true
emission = Color(1, 1, 1, 1)
emission_operator = 1
emission_texture = ExtResource("15_28cwr")

[sub_resource type="ArrayMesh" id="ArrayMesh_wkdh5"]
_surfaces = [{
"aabb": AABB(-0.081487425, 0, -0.13947804, 0.21510047, 1e-05, 0.26612845),
"format": 34896613377,
"index_count": 12,
"index_data": PackedByteArray("AAABAAIAAAADAAEAAQADAAQAAwAAAAUA"),
"name": "Ficha",
"primitive": 3,
"uv_scale": Vector4(0, 0, 0, 0),
"vertex_count": 6,
"vertex_data": PackedByteArray("AAAAAC2DAAD//wAA//8AAAAAAAD//wAA40UAAAQlAAD//wAAAAAAAAAAAADRfAAA")
}]
blend_shape_mode = 0

[sub_resource type="ArrayMesh" id="ArrayMesh_680fe"]
resource_name = "table_groups_Plane_021"
_surfaces = [{
"aabb": AABB(-0.081487425, 0, -0.13947804, 0.21510047, 1e-05, 0.26612845),
"attribute_data": PackedByteArray("aC2iUGgtolBoLaJQaC2iUGgtolBoLaJQ"),
"format": 34896613399,
"index_count": 12,
"index_data": PackedByteArray("AAABAAIAAAADAAEAAQADAAQAAwAAAAUA"),
"material": SubResource("StandardMaterial3D_fg5ui"),
"name": "Ficha",
"primitive": 3,
"uv_scale": Vector4(0, 0, 0, 0),
"vertex_count": 6,
"vertex_data": PackedByteArray("AAAAAC2D/7///wAA////vwAAAAD///+/40UAAAQl/7///wAAAAD/vwAAAADRfP+/////f////3////9/////f////3////9/")
}]
blend_shape_mode = 0
shadow_mesh = SubResource("ArrayMesh_wkdh5")

[sub_resource type="ArrayMesh" id="ArrayMesh_7n41k"]
_surfaces = [{
"aabb": AABB(-0.10755022, 0, -0.13306428, 0.21510047, 1e-05, 0.2661286),
"format": 34896613377,
"index_count": 6,
"index_data": PackedByteArray("AAABAAIAAAADAAEA"),
"name": "Ficha",
"primitive": 3,
"uv_scale": Vector4(0, 0, 0, 0),
"vertex_count": 4,
"vertex_data": PackedByteArray("//8AAAAAAAAAAAAA//8AAAAAAAAAAAAA//8AAP//AAA=")
}]
blend_shape_mode = 0

[sub_resource type="ArrayMesh" id="ArrayMesh_qvgut"]
resource_name = "table_groups_Plane_022"
_surfaces = [{
"aabb": AABB(-0.10755022, 0, -0.13306428, 0.21510047, 1e-05, 0.2661286),
"attribute_data": PackedByteArray("aC2iUGgtolBoLaJQaC2iUA=="),
"format": 34896613399,
"index_count": 6,
"index_data": PackedByteArray("AAABAAIAAAADAAEA"),
"material": SubResource("StandardMaterial3D_fg5ui"),
"name": "Ficha",
"primitive": 3,
"uv_scale": Vector4(0, 0, 0, 0),
"vertex_count": 4,
"vertex_data": PackedByteArray("//8AAAAA/78AAAAA////vwAAAAAAAP+///8AAP///7////9/////f////3////9/")
}]
blend_shape_mode = 0
shadow_mesh = SubResource("ArrayMesh_7n41k")

[sub_resource type="ArrayMesh" id="ArrayMesh_8wv31"]
_surfaces = [{
"aabb": AABB(-0.10755022, 0, -0.13306426, 0.21510047, 1e-05, 0.2661285),
"format": 34896613377,
"index_count": 6,
"index_data": PackedByteArray("AAABAAIAAAADAAEA"),
"name": "Ficha",
"primitive": 3,
"uv_scale": Vector4(0, 0, 0, 0),
"vertex_count": 4,
"vertex_data": PackedByteArray("//8AAAAAAAAAAAAA//8AAAAAAAAAAAAA//8AAP//AAA=")
}]
blend_shape_mode = 0

[sub_resource type="ArrayMesh" id="ArrayMesh_y5lyu"]
resource_name = "table_groups_Plane_023"
_surfaces = [{
"aabb": AABB(-0.10755022, 0, -0.13306426, 0.21510047, 1e-05, 0.2661285),
"attribute_data": PackedByteArray("D1QlEg9UJRIPVCUSD1QlEg=="),
"format": 34896613399,
"index_count": 6,
"index_data": PackedByteArray("AAABAAIAAAADAAEA"),
"material": SubResource("StandardMaterial3D_fg5ui"),
"name": "Ficha",
"primitive": 3,
"uv_scale": Vector4(0, 0, 0, 0),
"vertex_count": 4,
"vertex_data": PackedByteArray("//8AAAAA/78AAAAA////vwAAAAAAAP+///8AAP///7////9/////f////3////9/")
}]
blend_shape_mode = 0
shadow_mesh = SubResource("ArrayMesh_8wv31")

[sub_resource type="ArrayMesh" id="ArrayMesh_uvfrt"]
_surfaces = [{
"aabb": AABB(-0.10755022, 0, -0.13306428, 0.21510047, 1e-05, 0.26612857),
"format": 34896613377,
"index_count": 6,
"index_data": PackedByteArray("AAABAAIAAAADAAEA"),
"name": "Ficha",
"primitive": 3,
"uv_scale": Vector4(0, 0, 0, 0),
"vertex_count": 4,
"vertex_data": PackedByteArray("//8AAAAAAAAAAAAA//8AAAAAAAAAAAAA//8AAP//AAA=")
}]
blend_shape_mode = 0

[sub_resource type="ArrayMesh" id="ArrayMesh_4jeya"]
resource_name = "table_groups_Plane_024"
_surfaces = [{
"aabb": AABB(-0.10755022, 0, -0.13306428, 0.21510047, 1e-05, 0.26612857),
"attribute_data": PackedByteArray("D5QlEQ+UJREPlCURD5QlEQ=="),
"format": 34896613399,
"index_count": 6,
"index_data": PackedByteArray("AAABAAIAAAADAAEA"),
"material": SubResource("StandardMaterial3D_fg5ui"),
"name": "Ficha",
"primitive": 3,
"uv_scale": Vector4(0, 0, 0, 0),
"vertex_count": 4,
"vertex_data": PackedByteArray("//8AAAAA/78AAAAA////vwAAAAAAAP+///8AAP///7////9/////f////3////9/")
}]
blend_shape_mode = 0
shadow_mesh = SubResource("ArrayMesh_uvfrt")

[sub_resource type="ArrayMesh" id="ArrayMesh_tnnjh"]
_surfaces = [{
"aabb": AABB(-0.107550256, 0, -0.13306428, 0.21510047, 1e-05, 0.2661286),
"format": 34896613377,
"index_count": 6,
"index_data": PackedByteArray("AAABAAIAAAADAAEA"),
"name": "Ficha",
"primitive": 3,
"uv_scale": Vector4(0, 0, 0, 0),
"vertex_count": 4,
"vertex_data": PackedByteArray("//8AAAAAAAAAAAAA//8AAAAAAAAAAAAA//8AAP//AAA=")
}]
blend_shape_mode = 0

[sub_resource type="ArrayMesh" id="ArrayMesh_20v45"]
resource_name = "table_groups_Plane_025"
_surfaces = [{
"aabb": AABB(-0.107550256, 0, -0.13306428, 0.21510047, 1e-05, 0.2661286),
"attribute_data": PackedByteArray("aC2iUGgtolBoLaJQaC2iUA=="),
"format": 34896613399,
"index_count": 6,
"index_data": PackedByteArray("AAABAAIAAAADAAEA"),
"material": SubResource("StandardMaterial3D_fg5ui"),
"name": "Ficha",
"primitive": 3,
"uv_scale": Vector4(0, 0, 0, 0),
"vertex_count": 4,
"vertex_data": PackedByteArray("//8AAAAA/78AAAAA////vwAAAAAAAP+///8AAP///7////9/////f////3////9/")
}]
blend_shape_mode = 0
shadow_mesh = SubResource("ArrayMesh_tnnjh")

[sub_resource type="ArrayMesh" id="ArrayMesh_kfnre"]
_surfaces = [{
"aabb": AABB(-0.11489076, 1.73558e-09, -0.12825392, 0.21510047, 1e-05, 0.26612845),
"format": 34896613377,
"index_count": 18,
"index_data": PackedByteArray("AAABAAIAAwABAAAAAQADAAQABAADAAUAAQAEAAYAAQAGAAcA"),
"name": "Ficha",
"primitive": 3,
"uv_scale": Vector4(0, 0, 0, 0),
"vertex_count": 8,
"vertex_data": PackedByteArray("AAAAANF8AADjRQAA+toAAAAAAAAtgwAAAAAAAAAAAAD//wAA0XwAAP//AAAAAAAA//8AAC2DAAD//wAA//8AAA==")
}]
blend_shape_mode = 0

[sub_resource type="ArrayMesh" id="ArrayMesh_2kiyv"]
resource_name = "table_groups_Plane_026"
_surfaces = [{
"aabb": AABB(-0.11489076, 1.73558e-09, -0.12825392, 0.21510047, 1e-05, 0.26612845),
"attribute_data": PackedByteArray("aC2iUGgtolBoLaJQaC2iUGgtolBoLaJQaC2iUGgtolA="),
"format": 34896613399,
"index_count": 18,
"index_data": PackedByteArray("AAABAAIAAwABAAAAAQADAAQABAADAAUAAQAEAAYAAQAGAAcA"),
"material": SubResource("StandardMaterial3D_fg5ui"),
"name": "Ficha",
"primitive": 3,
"uv_scale": Vector4(0, 0, 0, 0),
"vertex_count": 8,
"vertex_data": PackedByteArray("AAAAANF8/7/jRQAA+tr/vwAAAAAtg/+/AAAAAAAA/7///wAA0Xz/v///AAAAAP+///8AAC2D/7///wAA////v////3////9/////f////3////9/////f////3////9/")
}]
blend_shape_mode = 0
shadow_mesh = SubResource("ArrayMesh_kfnre")

[sub_resource type="ArrayMesh" id="ArrayMesh_bgrm8"]
_surfaces = [{
"aabb": AABB(-0.107548825, 0, -0.26943532, 0.21509765, 1e-05, 0.5388706),
"format": 34896613377,
"index_count": 6,
"index_data": PackedByteArray("AAABAAIAAAADAAEA"),
"name": "Ficha",
"primitive": 3,
"uv_scale": Vector4(0, 0, 0, 0),
"vertex_count": 4,
"vertex_data": PackedByteArray("AAAAAP//AAD//wAAAAAAAP7/AAD//wAAAAAAAAAAAAA=")
}]
blend_shape_mode = 0

[sub_resource type="ArrayMesh" id="ArrayMesh_gygk0"]
resource_name = "table_groups_Plane_018"
_surfaces = [{
"aabb": AABB(-0.107548825, 0, -0.26943532, 0.21509765, 1e-05, 0.5388706),
"attribute_data": PackedByteArray("aC2iUGgtolBoLaJQaC2iUA=="),
"format": 34896613399,
"index_count": 6,
"index_data": PackedByteArray("AAABAAIAAAADAAEA"),
"material": SubResource("StandardMaterial3D_fg5ui"),
"name": "Ficha",
"primitive": 3,
"uv_scale": Vector4(0, 0, 0, 0),
"vertex_count": 4,
"vertex_data": PackedByteArray("AAAAAP///7///wAAAAD/v/7/AAD///+/AAAAAAAA/7////9/////f////3////9/")
}]
blend_shape_mode = 0
shadow_mesh = SubResource("ArrayMesh_bgrm8")

[sub_resource type="ArrayMesh" id="ArrayMesh_2jln0"]
_surfaces = [{
"aabb": AABB(-0.107548825, 0, -0.2694353, 0.21509765, 1e-05, 0.5388706),
"format": 34896613377,
"index_count": 6,
"index_data": PackedByteArray("AAABAAIAAAADAAEA"),
"name": "Ficha",
"primitive": 3,
"uv_scale": Vector4(0, 0, 0, 0),
"vertex_count": 4,
"vertex_data": PackedByteArray("AAAAAP//AAD//wAAAAAAAP7/AAD//wAAAAAAAAAAAAA=")
}]
blend_shape_mode = 0

[sub_resource type="ArrayMesh" id="ArrayMesh_m8isu"]
resource_name = "table_groups_Plane_019"
_surfaces = [{
"aabb": AABB(-0.107548825, 0, -0.2694353, 0.21509765, 1e-05, 0.5388706),
"attribute_data": PackedByteArray("aC2iUGgtolBoLaJQaC2iUA=="),
"format": 34896613399,
"index_count": 6,
"index_data": PackedByteArray("AAABAAIAAAADAAEA"),
"material": SubResource("StandardMaterial3D_fg5ui"),
"name": "Ficha",
"primitive": 3,
"uv_scale": Vector4(0, 0, 0, 0),
"vertex_count": 4,
"vertex_data": PackedByteArray("AAAAAP///7///wAAAAD/v/7/AAD///+/AAAAAAAA/7////9/////f////3////9/")
}]
blend_shape_mode = 0
shadow_mesh = SubResource("ArrayMesh_2jln0")

[sub_resource type="ArrayMesh" id="ArrayMesh_u7g14"]
_surfaces = [{
"aabb": AABB(-0.10754884, -1.73558e-09, -0.26943535, 0.21509764, 1e-05, 0.5388706),
"format": 34896613377,
"index_count": 42,
"index_data": PackedByteArray("AAABAAIAAAADAAEAAQADAAQABQAAAAYAAAAHAAMABwAAAAUABwAFAAgACAAFAAkABwAIAAoAAwAHAAsACwAHAAwAAwALAA0ADQALAA4AAwANAA8A"),
"name": "Ficha",
"primitive": 3,
"uv_scale": Vector4(0, 0, 0, 0),
"vertex_count": 16,
"vertex_data": PackedByteArray("/v8AADa/AAD//wAAbX4AAP//AACRgQAA//8AAKQ9AAD//wAAyEAAAP7/AAD//wAA/v8AAFrCAAAAAAAAkYEAAAAAAABawgAAAAAAAP//AAAAAAAANr8AAAAAAADIQAAAAAAAAG1+AAAAAAAAAAAAAAAAAACkPQAA//8AAAAAAAA=")
}]
blend_shape_mode = 0

[sub_resource type="ArrayMesh" id="ArrayMesh_72qpb"]
resource_name = "table_groups_Plane_020"
_surfaces = [{
"aabb": AABB(-0.10754884, -1.73558e-09, -0.26943535, 0.21509764, 1e-05, 0.5388706),
"attribute_data": PackedByteArray("aC2iUGgtolBoLaJQaC2iUGgtolBoLaJQaC2iUGgtolBoLaJQaC2iUGgtolBoLaJQaC2iUGgtolBoLaJQaC2iUA=="),
"format": 34896613399,
"index_count": 42,
"index_data": PackedByteArray("AAABAAIAAAADAAEAAQADAAQABQAAAAYAAAAHAAMABwAAAAUABwAFAAgACAAFAAkABwAIAAoAAwAHAAsACwAHAAwAAwALAA0ADQALAA4AAwANAA8A"),
"material": SubResource("StandardMaterial3D_fg5ui"),
"name": "Ficha",
"primitive": 3,
"uv_scale": Vector4(0, 0, 0, 0),
"vertex_count": 16,
"vertex_data": PackedByteArray("/v8AADa//7///wAAbX7/v///AACRgf+///8AAKQ9/7///wAAyED/v/7/AAD///+//v8AAFrC/78AAAAAkYH/vwAAAABawv+/AAAAAP///78AAAAANr//vwAAAADIQP+/AAAAAG1+/78AAAAAAAD/vwAAAACkPf+///8AAAAA/7////9/////f////3////9/////f////3////9/////f////3////9/////f////3////9/////f////3////9/")
}]
blend_shape_mode = 0
shadow_mesh = SubResource("ArrayMesh_u7g14")

[sub_resource type="ArrayMesh" id="ArrayMesh_37rcd"]
_surfaces = [{
"aabb": AABB(-0.11453434, 0, -0.059515458, 0.2151005, 1e-05, 0.12975742),
"format": 34896613377,
"index_count": 6,
"index_data": PackedByteArray("AAABAAIAAAADAAEA"),
"name": "Ficha",
"primitive": 3,
"uv_scale": Vector4(0, 0, 0, 0),
"vertex_count": 4,
"vertex_data": PackedByteArray("//8AAAAAAAA/IQAAq9UAAAAAAAAAAAAA//8AAP//AAA=")
}]
blend_shape_mode = 0

[sub_resource type="ArrayMesh" id="ArrayMesh_eoblq"]
resource_name = "table_groups_Plane_016"
_surfaces = [{
"aabb": AABB(-0.11453434, 0, -0.059515458, 0.2151005, 1e-05, 0.12975742),
"attribute_data": PackedByteArray("aC2iUGgtolBoLaJQaC2iUA=="),
"format": 34896613399,
"index_count": 6,
"index_data": PackedByteArray("AAABAAIAAAADAAEA"),
"material": SubResource("StandardMaterial3D_fg5ui"),
"name": "Ficha",
"primitive": 3,
"uv_scale": Vector4(0, 0, 0, 0),
"vertex_count": 4,
"vertex_data": PackedByteArray("//8AAAAA/78/IQAAq9X/vwAAAAAAAP+///8AAP///7////9/////f////3////9/")
}]
blend_shape_mode = 0
shadow_mesh = SubResource("ArrayMesh_37rcd")

[sub_resource type="ArrayMesh" id="ArrayMesh_b1svk"]
_surfaces = [{
"aabb": AABB(-0.107548766, 0, -0.06487871, 0.21509758, 1e-05, 0.12975742),
"format": 34896613377,
"index_count": 6,
"index_data": PackedByteArray("AAABAAIAAAADAAEA"),
"name": "Ficha",
"primitive": 3,
"uv_scale": Vector4(0, 0, 0, 0),
"vertex_count": 4,
"vertex_data": PackedByteArray("AAAAAAAAAAD//wAA//8AAAAAAAD+/wAA//8AAAAAAAA=")
}]
blend_shape_mode = 0

[sub_resource type="ArrayMesh" id="ArrayMesh_335s7"]
resource_name = "table_groups_Plane_015"
_surfaces = [{
"aabb": AABB(-0.107548766, 0, -0.06487871, 0.21509758, 1e-05, 0.12975742),
"attribute_data": PackedByteArray("aC2iUGgtolBoLaJQaC2iUA=="),
"format": 34896613399,
"index_count": 6,
"index_data": PackedByteArray("AAABAAIAAAADAAEA"),
"material": SubResource("StandardMaterial3D_fg5ui"),
"name": "Ficha",
"primitive": 3,
"uv_scale": Vector4(0, 0, 0, 0),
"vertex_count": 4,
"vertex_data": PackedByteArray("AAAAAAAA/7///wAA////vwAAAAD+//+///8AAAAA/7////9/////f////3////9/")
}]
blend_shape_mode = 0
shadow_mesh = SubResource("ArrayMesh_b1svk")

[sub_resource type="ArrayMesh" id="ArrayMesh_aledu"]
_surfaces = [{
"aabb": AABB(-0.10056616, 0, -0.059515458, 0.21510047, 1e-05, 0.1297574),
"format": 34896613377,
"index_count": 6,
"index_data": PackedByteArray("AAABAAIAAAADAAEA"),
"name": "Ficha",
"primitive": 3,
"uv_scale": Vector4(0, 0, 0, 0),
"vertex_count": 4,
"vertex_data": PackedByteArray("//8AAAAAAAAAAAAA//8AAAAAAAAAAAAAv94AAKzVAAA=")
}]
blend_shape_mode = 0

[sub_resource type="ArrayMesh" id="ArrayMesh_nqget"]
resource_name = "table_groups_Plane_017"
_surfaces = [{
"aabb": AABB(-0.10056616, 0, -0.059515458, 0.21510047, 1e-05, 0.1297574),
"attribute_data": PackedByteArray("aC2iUGgtolBoLaJQaC2iUA=="),
"format": 34896613399,
"index_count": 6,
"index_data": PackedByteArray("AAABAAIAAAADAAEA"),
"material": SubResource("StandardMaterial3D_fg5ui"),
"name": "Ficha",
"primitive": 3,
"uv_scale": Vector4(0, 0, 0, 0),
"vertex_count": 4,
"vertex_data": PackedByteArray("//8AAAAA/78AAAAA////vwAAAAAAAP+/v94AAKzV/7////9/////f////3////9/")
}]
blend_shape_mode = 0
shadow_mesh = SubResource("ArrayMesh_aledu")

[sub_resource type="StandardMaterial3D" id="StandardMaterial3D_padf7"]
shading_mode = 0
diffuse_mode = 3
specular_mode = 2
albedo_color = Color(0.84705883, 0.85882354, 0.68235296, 1)

[sub_resource type="QuadMesh" id="QuadMesh_hnjqa"]

[sub_resource type="BoxShape3D" id="BoxShape3D_w3wlc"]
size = Vector3(0.28585815, 0.124938965, 0.17980957)

[sub_resource type="Animation" id="Animation_f2bku"]
length = 0.001
tracks/0/type = "value"
tracks/0/imported = false
tracks/0/enabled = true
tracks/0/path = NodePath("left_cover:rotation")
tracks/0/interp = 1
tracks/0/loop_wrap = true
tracks/0/keys = {
"times": PackedFloat32Array(0),
"transitions": PackedFloat32Array(1),
"update": 0,
"values": [Vector3(0, 0, 0)]
}
tracks/1/type = "value"
tracks/1/imported = false
tracks/1/enabled = true
tracks/1/path = NodePath("right_cover:rotation")
tracks/1/interp = 1
tracks/1/loop_wrap = true
tracks/1/keys = {
"times": PackedFloat32Array(0),
"transitions": PackedFloat32Array(1),
"update": 0,
"values": [Vector3(0, 0, 0)]
}

[sub_resource type="Animation" id="Animation_ac6gq"]
resource_name = "book_close"
length = 0.26667002
tracks/0/type = "value"
tracks/0/imported = false
tracks/0/enabled = true
tracks/0/path = NodePath("left_cover:rotation")
tracks/0/interp = 1
tracks/0/loop_wrap = true
tracks/0/keys = {
"times": PackedFloat32Array(0, 0.2663894),
"transitions": PackedFloat32Array(1, 1),
"update": 0,
"values": [Vector3(0, 0, 0), Vector3(0, 0, -1.5707964)]
}
tracks/1/type = "value"
tracks/1/imported = false
tracks/1/enabled = true
tracks/1/path = NodePath("right_cover:rotation")
tracks/1/interp = 1
tracks/1/loop_wrap = true
tracks/1/keys = {
"times": PackedFloat32Array(0, 0.2663894),
"transitions": PackedFloat32Array(1, 1),
"update": 0,
"values": [Vector3(0, 0, 0), Vector3(0, 0, 1.5707964)]
}

[sub_resource type="Animation" id="Animation_4a5wc"]
resource_name = "book_open"
length = 0.26667002
tracks/0/type = "value"
tracks/0/imported = false
tracks/0/enabled = true
tracks/0/path = NodePath("left_cover:rotation")
tracks/0/interp = 1
tracks/0/loop_wrap = true
tracks/0/keys = {
"times": PackedFloat32Array(0, 0.26666668),
"transitions": PackedFloat32Array(1, 1),
"update": 0,
"values": [Vector3(0, 0, -1.5707964), Vector3(0, 0, 0)]
}
tracks/1/type = "value"
tracks/1/imported = false
tracks/1/enabled = true
tracks/1/path = NodePath("right_cover:rotation")
tracks/1/interp = 1
tracks/1/loop_wrap = true
tracks/1/keys = {
"times": PackedFloat32Array(0, 0.26666668),
"transitions": PackedFloat32Array(1, 1),
"update": 0,
"values": [Vector3(0, 0, 1.5707964), Vector3(0, 0, 0)]
}

[sub_resource type="AnimationLibrary" id="AnimationLibrary_8qbf8"]
_data = {
&"RESET": SubResource("Animation_f2bku"),
&"book_close": SubResource("Animation_ac6gq"),
&"book_open": SubResource("Animation_4a5wc")
}

[node name="Book" type="Node3D" unique_id=1676174387]
script = ExtResource("1_q6njx")

[node name="roulette_collision" type="StaticBody3D" parent="." unique_id=957894952 groups=["roulette_collision"]]
transform = Transform3D(1, 0, 0, 0, 1, 0, 0, 0, 1, -0.84832156, 0, -1.6401474)
collision_layer = 3
collision_mask = 3

[node name="CollisionShape3D" type="CollisionShape3D" parent="roulette_collision" unique_id=154327095]
shape = SubResource("SphereShape3D_liidn")

[node name="left_cover" type="MeshInstance3D" parent="." unique_id=1440093180 node_paths=PackedStringArray("roulette", "ball", "ball_origin_transform")]
material_override = ExtResource("2_padf7")
mesh = ExtResource("1_hgj57")
script = ExtResource("2_d1tnm")
roulette = NodePath("Roulette")
ball = NodePath("roulette_ball")
ball_origin_transform = NodePath("roulette_ball_origin")
angular_speed_deg = 1000.0
deceleration_time = 2.0
final_speed_deg = 100.0
drop_duration = 1.0
inner_radius = 0.18
finish_radius = 0.135
choosed_field = 15
finish_y_level = -0.1

[node name="base_mesh" type="MeshInstance3D" parent="left_cover" unique_id=1442219343]
transform = Transform3D(1, 0, 0, 0, 1, 0, 0, 0, 1, -0.8492213, -0.041860536, -1.6421878)
mesh = ExtResource("2_ykbav")

[node name="Score Area" type="Node3D" parent="left_cover" unique_id=1858201168 node_paths=PackedStringArray("Labels")]
script = ExtResource("4_001lf")
Labels = [NodePath("RerollCount"), NodePath("TrunCount"), NodePath("BaseLabel"), NodePath("XLabel"), NodePath("MultLabel"), NodePath("TotalLabel"), NodePath("NumberLabel")]
amplitud = 0.01
velocidad = 2.0

[node name="RerollLabel" type="Label3D" parent="left_cover/Score Area" unique_id=26818016]
transform = Transform3D(1, 0, 0, 0, -4.371139e-08, 1, 0, -1, -4.371139e-08, -1.385322, 0, -1.8504446)
modulate = Color(0.3529412, 0.1764706, 0.2784314, 1)
text = "Rerolls"
font_size = 20

[node name="RerollCount" type="Label3D" parent="left_cover/Score Area" unique_id=1235283512]
transform = Transform3D(1, 0, 0, 0, -4.371139e-08, 1, 0, -1, -4.371139e-08, -1.3881673, 0.01483047, -1.6339815)
modulate = Color(0.9490196, 0.03137255, 0.52156866, 1)
text = "3/3
"
font_size = 20

[node name="TrunCount" type="Label3D" parent="left_cover/Score Area" unique_id=1755514257]
transform = Transform3D(1, 0, 0, 0, -4.371139e-08, 1, 0, -1, -4.371139e-08, -0.30687296, 0.01483047, -1.6339815)
modulate = Color(0.9490196, 0.03137255, 0.52156866, 1)
text = "0

"
font_size = 20

[node name="TurnLabel" type="Label3D" parent="left_cover/Score Area" unique_id=1902259147]
transform = Transform3D(1, 0, 0, 0, -4.371139e-08, 1, 0, -1, -4.371139e-08, -0.3053943, 0.0038767457, -1.8504446)
modulate = Color(0.3529412, 0.1764706, 0.2784314, 1)
text = "Turno"
font_size = 20

[node name="BaseLabel" type="Label3D" parent="left_cover/Score Area" unique_id=1758804665]
transform = Transform3D(1, 0, 0, 0, -4.371139e-08, 1, 0, -1, -4.371139e-08, -1.0016531, 0.0038767457, -0.9705792)
modulate = Color(0.9884754, 0.99183387, 0.94533116, 1)
text = "1"

[node name="MultLabel" type="Label3D" parent="left_cover/Score Area" unique_id=2120168629]
transform = Transform3D(1, 0, 0, 0, -4.371139e-08, 1, 0, -1, -4.371139e-08, -0.7210264, 0.0038767457, -0.9705792)
modulate = Color(0.9882353, 0.99215686, 0.94509804, 1)
text = "1"

[node name="XLabel" type="Label3D" parent="left_cover/Score Area" unique_id=935635680]
transform = Transform3D(1, 0, 0, 0, -4.371139e-08, 1, 0, -1, -4.371139e-08, -0.8526306, 0.0038767457, -0.9705792)
modulate = Color(0.9882353, 0.99215686, 0.94509804, 1)
text = "x"

[node name="TotalLabel" type="Label3D" parent="left_cover/Score Area" unique_id=362840143]
transform = Transform3D(1, 0, 0, 0, -4.371139e-08, 1, 0, -1, -4.371139e-08, -0.8538705, 0.0038767457, -0.6667943)
modulate = Color(0.18039216, 0.18039216, 0.18039216, 1)
text = "0"

[node name="NumberLabel" type="Label3D" parent="left_cover/Score Area" unique_id=361538702]
transform = Transform3D(1, 0, 0, 0, -4.371139e-08, 1, 0, -1, -4.371139e-08, -0.8487266, -0.0991697, -1.6195717)
modulate = Color(0.18039216, 0.18039216, 0.18039216, 1)
text = "-"

[node name="Roulette" type="Node3D" parent="left_cover" unique_id=1321428293]
transform = Transform3D(1, 0, 0, 0, 1, 0, 0, 0, 1, -0.8492213, -0.041860536, -1.6421878)
script = ExtResource("3_u5nh5")

[node name="spin_mesh" type="MeshInstance3D" parent="left_cover/Roulette" unique_id=1286126920]
mesh = ExtResource("3_uxei4")

[node name="MultiMesh_Fields" type="MultiMeshInstance3D" parent="left_cover/Roulette" unique_id=607524826]
multimesh = SubResource("MultiMesh_uxei4")
script = ExtResource("4_uxei4")
pos_inicial_label_0 = Vector3(0.016, 0, -0.174)

[node name="Labels" type="Node3D" parent="left_cover/Roulette" unique_id=962734100]
transform = Transform3D(1, 0, 0, 0, 1, 0, 0, 0, 1, 0, -0.045, 0)

[node name="0" type="Label3D" parent="left_cover/Roulette/Labels" unique_id=679519683]
transform = Transform3D(0.9961947, 0.08715574, 0, -0.01303286, 0.14896628, 0.98875636, 0.08617579, -0.9849939, 0.14953531, 0.016, 0, -0.174)
text = "-"
font_size = 4

[node name="1" type="Label3D" parent="left_cover/Roulette/Labels" unique_id=1866602058]
transform = Transform3D(0.96730155, 0.25236684, -0.02527159, -0.01303286, 0.14896628, 0.98875636, 0.25329396, -0.95609623, 0.14738439, 0.045176, 0, -0.16879316)
text = "-"
font_size = 4

[node name="2" type="Label3D" parent="left_cover/Roulette/Labels" unique_id=1363085713]
transform = Transform3D(0.910581, 0.41031787, -0.049816165, -0.01303286, 0.14896628, 0.98875636, 0.4131253, -0.8996935, 0.14099348, 0.07305236, 0, -0.15873045)
text = "-"
font_size = 4

[node name="3" type="Label3D" parent="left_cover/Roulette/Labels" unique_id=1968298471]
transform = Transform3D(0.82766455, 0.5564647, -0.07292762, -0.01303286, 0.14896628, 0.98875636, 0.5610718, -0.8174081, 0.13054644, 0.098827146, 0, -0.14410132)
text = "-"
font_size = 4

[node name="4" type="Label3D" parent="left_cover/Roulette/Labels" unique_id=2112719303]
transform = Transform3D(0.7209378, 0.6866031, -0.09394108, -0.01303286, 0.14896628, 0.98875636, 0.6928773, -0.71160746, 0.11634382, 0.121758856, 0, -0.1253267)
text = "-"
font_size = 4

[node name="5" type="Label3D" parent="left_cover/Roulette/Labels" unique_id=193360496]
transform = Transform3D(0.5934709, 0.7969892, -0.11225203, -0.01303286, 0.14896628, 0.98875636, 0.80475, -0.5853351, 0.0987942, 0.14118777, 0, -0.10294663)
text = "-"
font_size = 4

[node name="6" type="Label3D" parent="left_cover/Roulette/Labels" unique_id=1294816367]
transform = Transform3D(0.44893098, 0.88444734, -0.12733367, -0.01303286, 0.14896628, 0.98875636, 0.8934714, -0.44222385, 0.07840246, 0.15655498, 0, -0.077605)
text = "-"
font_size = 4

[node name="7" type="Label3D" parent="left_cover/Roulette/Labels" unique_id=1655179407]
transform = Transform3D(0.291476, 0.9464616, -0.13875218, -0.01303286, 0.14896628, 0.98875636, 0.9564894, -0.28639042, 0.055755198, 0.1674184, 0, -0.050030787)
text = "-"
font_size = 4

[node name="8" type="Label3D" parent="left_cover/Roulette/Labels" unique_id=1959058477]
transform = Transform3D(0.12563594, 0.9812479, -0.14617904, -0.01303286, 0.14896628, 0.98875636, 0.99199086, -0.12231819, 0.031503987, 0.17346548, 0, -0.021017302)
text = "-"
font_size = 4

[node name="9" type="Label3D" parent="left_cover/Roulette/Labels" unique_id=1798870751]
transform = Transform3D(-0.043818437, 0.98780537, -0.14940058, -0.01303286, 0.14896628, 0.98875636, 0.99895453, 0.04527288, 0.0063464595, 0.17452228, 0, 0.008600814)
text = "-"
font_size = 4

[node name="10" type="Label3D" parent="left_cover/Roulette/Labels" unique_id=36075350]
transform = Transform3D(-0.21201235, 0.96594554, -0.14832415, -0.01303286, 0.14896628, 0.98875636, 0.9771801, 0.21156165, -0.018993659, 0.1705584, 0, 0.03797152)
text = "-"
font_size = 4

[node name="11" type="Label3D" parent="left_cover/Roulette/Labels" unique_id=1577196336]
transform = Transform3D(-0.37410694, 0.91629726, -0.1429807, -0.01303286, 0.14896628, 0.98875636, 0.927294, 0.37176412, -0.04378735, 0.16168785, 0, 0.06624983)
text = "-"
font_size = 4

[node name="12" type="Label3D" parent="left_cover/Roulette/Labels" unique_id=1578261034]
transform = Transform3D(-0.5254392, 0.84028864, -0.13352394, -0.01303286, 0.14896628, 0.98875636, 0.8507314, 0.5212716, -0.06732136, 0.14816582, 0, 0.092622265)
text = "-"
font_size = 4

[node name="13" type="Label3D" parent="left_cover/Roulette/Labels" unique_id=1437088043]
transform = Transform3D(-0.6616555, 0.7401065, -0.120225966, -0.01303286, 0.14896628, 0.98875636, 0.7496947, 0.65578294, -0.088918656, 0.13038138, 0, 0.116330124)
text = "-"
font_size = 4

[node name="14" type="Label3D" parent="left_cover/Roulette/Labels" unique_id=348641680]
transform = Transform3D(-0.7788373, 0.6186328, -0.10346928, -0.01303286, 0.14896628, 0.98875636, 0.6270906, 0.7714288, -0.107957944, 0.10884604, 0, 0.1366914)
text = "-"
font_size = 4

[node name="15" type="Label3D" parent="left_cover/Roulette/Labels" unique_id=2147427500]
transform = Transform3D(-0.87361324, 0.47936225, -0.08373599, -0.01303286, 0.14896628, 0.98875636, 0.48644632, 0.86488193, -0.12389146, 0.08417943, 0, 0.15312028)
text = "-"
font_size = 4

[node name="16" type="Label3D" parent="left_cover/Roulette/Labels" unique_id=1545380989]
transform = Transform3D(-0.943257, 0.32630134, -0.06159377, -0.01303286, 0.14896628, 0.98875636, 0.33180794, 0.93345404, -0.13626085, 0.057091143, 0, 0.16514419)
text = "-"
font_size = 4

[node name="17" type="Label3D" parent="left_cover/Roulette/Labels" unique_id=1209827146]
transform = Transform3D(-0.98576486, 0.16385333, -0.037679616, -0.01303286, 0.14896628, 0.98875636, 0.16762403, 0.9751724, -0.14471026, 0.028360449, 0, 0.17241718)
text = "-"
font_size = 4

[node name="18" type="Label3D" parent="left_cover/Roulette/Labels" unique_id=2125463887]
transform = Transform3D(-0.99991417, -0.0033084229, -0.012681482, -0.01303286, 0.14896628, 0.98875636, -0.0013821125, 0.98883677, -0.1489966, -0.0011861287, 0, 0.17473006)
text = "-"
font_size = 4

[node name="19" type="Label3D" parent="left_cover/Roulette/Labels" unique_id=445719250]
transform = Transform3D(-0.9852977, -0.17037524, 0.0126815075, -0.01303286, 0.14896628, 0.98875636, -0.17034873, 0.9740541, -0.1489966, -0.030698624, 0, 0.17201626)
text = "-"
font_size = 4

[node name="20" type="Label3D" parent="left_cover/Roulette/Labels" unique_id=692046568]
transform = Transform3D(-0.94233596, -0.33254045, 0.03767964, -0.01303286, 0.14896628, 0.98875636, -0.33441448, 0.9312497, -0.14471024, -0.05932793, 0, 0.16435386)
text = "-"
font_size = 4

[node name="21" type="Label3D" parent="left_cover/Roulette/Labels" unique_id=831596937]
transform = Transform3D(-0.872265, -0.48513907, 0.061593797, -0.01303286, 0.14896628, 0.98875636, -0.4888598, 0.8616548, -0.13626082, -0.086250484, 0, 0.15196331)
text = "-"
font_size = 4

[node name="22" type="Label3D" parent="left_cover/Roulette/Labels" unique_id=825270074]
transform = Transform3D(-0.7771006, -0.62378114, 0.08373602, -0.01303286, 0.14896628, 0.98875636, -0.62924147, 0.7672719, -0.12389145, -0.11069178, 0, 0.13520108)
text = "-"
font_size = 4

[node name="23" type="Label3D" parent="left_cover/Roulette/Labels" unique_id=1534223725]
